581325 582103
a\b -1 0 2 4 row_sup
-1 0.952 0.006 0.014 0.029 868
0 0.625 0.292 0.0 0.083 24
2 0.162 0.228 0.375 0.235 136
4 0.135 0.062 0.167 0.635 384

55056==55521 55063==55522
a\b -1 0 2 4 row_sup
-1 0.992 0.003 0.003 0.003 1103
0 0.778 0.037 0.074 0.111 27
2 0.66 0.058 0.194 0.089 191
4 0.626 0.099 0.132 0.143 91

581325 582103
a\b -1 0 2 4 row_sup
-1 0.952 0.006 0.014 0.029 868
0 0.625 0.292 0.0 0.083 24
2 0.162 0.228 0.375 0.235 136
4 0.135 0.062 0.167 0.635 384

57016 57017
a\b -1 0 2 4 row_sup
-1 0.954 0.005 0.016 0.025 802
0 0.65 0.067 0.25 0.033 60
2 0.346 0.119 0.309 0.226 243
4 0.205 0.042 0.208 0.544 307